3 -0.002023 -0.000392 0.000652 0.000586 0.000560 0.000617
3 -0.002542 -0.000148 0.000698 0.000681 0.000625 0.000686
6 -0.002193 -0.000118 0.000599 0.000569 0.000504 0.000639
3 -0.002281 -0.000258 0.000675 0.000610 0.000621 0.000633
3 -0.002390 -0.000243 0.000692 0.000641 0.000653 0.000647
3 -0.002189 -0.000361 0.000696 0.000590 0.000638 0.000626
3 -0.001988 -0.000440 0.000675 0.000582 0.000586 0.000587
6 -0.002306 -0.000134 0.000629 0.000610 0.000552 0.000649
3 -0.002363 -0.000236 0.000705 0.000612 0.000623 0.000658
3 -0.002271 -0.000183 0.000634 0.000605 0.000610 0.000605
3 -0.002085 -0.000288 0.000629 0.000586 0.000545 0.000613
3 -0.002045 -0.000277 0.000612 0.000588 0.000539 0.000584
6 -0.002228 -0.000105 0.000600 0.000579 0.000540 0.000615
3 -0.001957 -0.000334 0.000633 0.000550 0.000526 0.000582
3 -0.002139 -0.000195 0.000612 0.000583 0.000533 0.000606
5 -0.002774 -0.000300 0.000836 0.000675 0.000840 0.000722
3 -0.002151 -0.000311 0.000663 0.000599 0.000592 0.000607
3 -0.002141 -0.000238 0.000629 0.000585 0.000557 0.000607
3 -0.002058 -0.000398 0.000669 0.000602 0.000585 0.000600
3 -0.002412 -0.000271 0.000729 0.000596 0.000685 0.000673
3 -0.002063 -0.000454 0.000702 0.000618 0.000581 0.000616
3 -0.002199 -0.000384 0.000707 0.000592 0.000640 0.000643
3 -0.002051 -0.000257 0.000618 0.000563 0.000542 0.000585
3 -0.002401 -0.000328 0.000729 0.000657 0.000695 0.000649
3 -0.002045 -0.000392 0.000654 0.000612 0.000547 0.000624
6 -0.002431 -0.000070 0.000654 0.000605 0.000573 0.000669
6 -0.002689 0.000101 0.000638 0.000652 0.000576 0.000722
6 -0.002392 -0.000060 0.000626 0.000614 0.000563 0.000649
6 -0.002429 0.000007 0.000626 0.000592 0.000567 0.000637
6 -0.002193 -0.000132 0.000609 0.000592 0.000510 0.000613
3 -0.002219 -0.000196 0.000624 0.000603 0.000565 0.000623
6 -0.002372 -0.000109 0.000634 0.000650 0.000537 0.000661
3 -0.002482 -0.000204 0.000703 0.000642 0.000687 0.000655
6 -0.002628 0.000048 0.000647 0.000649 0.000595 0.000690
6 -0.002683 -0.000054 0.000695 0.000677 0.000646 0.000719
3 -0.002576 -0.000111 0.000702 0.000662 0.000621 0.000702
6 -0.002232 -0.000131 0.000611 0.000594 0.000527 0.000630
6 -0.002711 0.000124 0.000632 0.000686 0.000559 0.000709
6 -0.002642 0.000003 0.000659 0.000677 0.000603 0.000699
6 -0.002568 -0.000036 0.000664 0.000638 0.000635 0.000668
3 -0.002409 -0.000129 0.000658 0.000626 0.000601 0.000653
6 -0.002442 -0.000090 0.000651 0.000623 0.000594 0.000663
6 -0.002751 0.000075 0.000662 0.000678 0.000592 0.000744
3 -0.002581 -0.000133 0.000713 0.000641 0.000700 0.000660
6 -0.002544 0.000134 0.000578 0.000639 0.000495 0.000697
6 -0.002371 -0.000005 0.000584 0.000617 0.000503 0.000672
6 -0.002549 -0.000003 0.000652 0.000631 0.000569 0.000700
6 -0.002527 -0.000024 0.000656 0.000634 0.000603 0.000658
6 -0.002264 -0.000086 0.000605 0.000603 0.000520 0.000623
3 -0.002179 -0.000201 0.000640 0.000572 0.000555 0.000612
3 -0.002494 -0.000268 0.000737 0.000672 0.000717 0.000635
3 -0.002726 -0.000339 0.000852 0.000656 0.000838 0.000720
3 -0.002615 -0.000078 0.000693 0.000657 0.000664 0.000679
3 -0.002212 -0.000133 0.000605 0.000604 0.000533 0.000604
3 -0.001928 -0.000539 0.000706 0.000581 0.000555 0.000624
3 -0.002545 -0.000066 0.000679 0.000629 0.000640 0.000665
3 -0.002335 -0.000223 0.000681 0.000622 0.000594 0.000661
6 -0.002128 -0.000171 0.000593 0.000579 0.000512 0.000614
6 -0.002433 -0.000041 0.000627 0.000619 0.000554 0.000674
3 -0.002332 -0.000468 0.000810 0.000598 0.000738 0.000654
3 -0.002304 -0.000316 0.000706 0.000637 0.000611 0.000665
3 -0.001996 -0.000376 0.000646 0.000577 0.000561 0.000589
6 -0.002676 -0.000020 0.000682 0.000660 0.000658 0.000695
6 -0.002238 -0.000106 0.000604 0.000577 0.000511 0.000653
6 -0.002335 -0.000052 0.000610 0.000593 0.000531 0.000653
4 -0.002880 0.000126 0.000688 0.000726 0.000712 0.000628
3 -0.002601 -0.000157 0.000734 0.000621 0.000728 0.000675
3 -0.002159 -0.000566 0.000762 0.000665 0.000673 0.000626
3 -0.002248 -0.000217 0.000664 0.000574 0.000614 0.000613
6 -0.002078 -0.000160 0.000574 0.000564 0.000504 0.000596
6 -0.002300 -0.000170 0.000639 0.000619 0.000553 0.000659
3 -0.002502 -0.000177 0.000732 0.000595 0.000695 0.000656
3 -0.001900 -0.000474 0.000640 0.000593 0.000523 0.000619
3 -0.002068 -0.000495 0.000709 0.000606 0.000642 0.000606
6 -0.003098 0.000094 0.000751 0.000748 0.000737 0.000769
3 -0.002556 -0.000073 0.000680 0.000641 0.000640 0.000668
3 -0.002349 -0.000179 0.000670 0.000615 0.000603 0.000641
3 -0.002687 -0.000002 0.000698 0.000610 0.000685 0.000696
3 -0.002429 -0.000188 0.000692 0.000612 0.000653 0.000659
4 -0.003061 0.000101 0.000742 0.000757 0.000727 0.000734
6 -0.002560 0.000090 0.000602 0.000654 0.000535 0.000679
3 -0.002665 -0.000130 0.000730 0.000653 0.000725 0.000686
3 -0.002507 -0.000099 0.000683 0.000609 0.000659 0.000655
5 -0.002879 -0.000078 0.000772 0.000663 0.000776 0.000746
3 -0.002482 -0.000134 0.000677 0.000632 0.000630 0.000677
4 -0.003229 0.000112 0.000773 0.000805 0.000752 0.000786
6 -0.002577 -0.000020 0.000665 0.000623 0.000620 0.000689
3 -0.002501 -0.000111 0.000701 0.000591 0.000672 0.000648
3 -0.002516 -0.000068 0.000665 0.000625 0.000631 0.000663
5 -0.002804 -0.000031 0.000727 0.000684 0.000727 0.000697
3 -0.002405 -0.000109 0.000659 0.000605 0.000629 0.000622
3 -0.002178 -0.000376 0.000713 0.000588 0.000616 0.000637
6 -0.002574 -0.000017 0.000654 0.000672 0.000579 0.000687
4 -0.003350 0.000205 0.000761 0.000834 0.000767 0.000782
5 -0.002754 -0.000166 0.000772 0.000674 0.000776 0.000699
3 -0.002668 -0.000074 0.000721 0.000632 0.000680 0.000707
6 -0.002733 -0.000027 0.000697 0.000661 0.000680 0.000722
6 -0.002511 0.000122 0.000566 0.000625 0.000486 0.000711
3 -0.002543 -0.000105 0.000717 0.000620 0.000695 0.000616
3 -0.002101 -0.000482 0.000711 0.000626 0.000644 0.000601
6 -0.002447 -0.000009 0.000618 0.000628 0.000555 0.000655
6 -0.002803 0.000096 0.000685 0.000671 0.000655 0.000696
3 -0.002618 -0.000078 0.000696 0.000667 0.000661 0.000671
5 -0.003059 -0.000068 0.000805 0.000721 0.000853 0.000748
3 -0.002231 -0.000110 0.000612 0.000603 0.000556 0.000570
3 -0.002706 -0.000082 0.000729 0.000654 0.000724 0.000680
3 -0.001948 -0.000368 0.000623 0.000579 0.000545 0.000570
3 -0.002445 -0.000293 0.000739 0.000622 0.000735 0.000642
3 -0.002304 -0.000113 0.000637 0.000607 0.000565 0.000609
3 -0.002261 -0.000311 0.000686 0.000633 0.000597 0.000657
3 -0.002558 -0.000205 0.000746 0.000629 0.000745 0.000642
3 -0.002416 -0.000122 0.000672 0.000614 0.000617 0.000635
5 -0.002841 -0.000027 0.000747 0.000658 0.000760 0.000702
6 -0.002419 0.000013 0.000622 0.000603 0.000552 0.000629
3 -0.002375 -0.000224 0.000672 0.000631 0.000660 0.000636
3 -0.002633 -0.000115 0.000732 0.000631 0.000701 0.000684
3 -0.002752 -0.000003 0.000715 0.000671 0.000677 0.000693
3 -0.002968 -0.000068 0.000791 0.000719 0.000774 0.000753
3 -0.002762 -0.000073 0.000735 0.000677 0.000712 0.000711
3 -0.002702 -0.000101 0.000739 0.000638 0.000738 0.000687
3 -0.001827 -0.000450 0.000639 0.000548 0.000544 0.000545
3 -0.002685 -0.000088 0.000724 0.000651 0.000713 0.000684
6 -0.002459 0.000066 0.000577 0.000631 0.000516 0.000670
3 -0.002329 -0.000315 0.000719 0.000594 0.000690 0.000641
3 -0.001939 -0.000625 0.000746 0.000601 0.000628 0.000589
6 -0.002267 -0.000127 0.000615 0.000601 0.000539 0.000639
6 -0.002716 0.000077 0.000658 0.000651 0.000603 0.000726
6 -0.002359 -0.000060 0.000625 0.000610 0.000520 0.000664
6 -0.002775 0.000017 0.000697 0.000670 0.000661 0.000730
6 -0.002609 0.000072 0.000619 0.000654 0.000565 0.000699
6 -0.002336 -0.000145 0.000635 0.000610 0.000597 0.000639
6 -0.002460 0.000039 0.000600 0.000610 0.000495 0.000716
6 -0.002739 0.000008 0.000693 0.000627 0.000680 0.000732
3 -0.002245 -0.000220 0.000646 0.000626 0.000591 0.000602
3 -0.002526 -0.000211 0.000725 0.000626 0.000722 0.000663
6 -0.002526 0.000029 0.000637 0.000619 0.000547 0.000695
6 -0.002287 -0.000142 0.000611 0.000615 0.000566 0.000638
6 -0.002186 -0.000180 0.000631 0.000575 0.000522 0.000640
3 -0.002297 -0.000235 0.000679 0.000572 0.000655 0.000625
6 -0.002604 0.000091 0.000622 0.000643 0.000536 0.000712
6 -0.002339 -0.000101 0.000627 0.000585 0.000584 0.000644
3 -0.002736 0.000043 0.000680 0.000677 0.000662 0.000675
6 -0.002489 -0.000035 0.000639 0.000634 0.000539 0.000712
3 -0.001974 -0.000359 0.000644 0.000569 0.000505 0.000614
3 -0.002173 -0.000262 0.000635 0.000592 0.000611 0.000597
3 -0.002421 -0.000219 0.000702 0.000648 0.000641 0.000649
6 -0.002571 -0.000040 0.000666 0.000635 0.000639 0.000672
6 -0.002309 -0.000066 0.000604 0.000603 0.000551 0.000617
6 -0.002508 -0.000012 0.000646 0.000609 0.000570 0.000696
6 -0.002329 -0.000028 0.000598 0.000594 0.000502 0.000664
