7 -0.000420 0.000005 0.000043 0.000022 0.000020 0.000017 0.000313
7 -0.000471 0.000001 0.000033 0.000027 0.000029 0.000025 0.000356
7 -0.000430 -0.000000 0.000030 0.000026 0.000028 0.000026 0.000321
7 -0.000438 0.000004 0.000035 0.000025 0.000023 0.000023 0.000329
7 -0.000418 0.000002 0.000031 0.000024 0.000023 0.000023 0.000315
7 -0.000446 0.000004 0.000041 0.000025 0.000022 0.000020 0.000333
7 -0.000446 0.000005 0.000040 0.000023 0.000022 0.000020 0.000336
7 -0.000429 0.000001 0.000027 0.000027 0.000029 0.000025 0.000320
7 -0.000439 0.000001 0.000032 0.000025 0.000026 0.000026 0.000330
7 -0.000417 0.000003 0.000031 0.000024 0.000022 0.000022 0.000315
7 -0.000413 0.000000 0.000031 0.000024 0.000025 0.000023 0.000309
7 -0.000445 0.000003 0.000036 0.000026 0.000025 0.000023 0.000332
7 -0.000425 0.000001 0.000027 0.000026 0.000027 0.000025 0.000318
7 -0.000403 0.000004 0.000035 0.000024 0.000023 0.000020 0.000298
7 -0.000410 0.000002 0.000031 0.000024 0.000023 0.000023 0.000307
7 -0.000403 0.000002 0.000036 0.000018 0.000017 0.000016 0.000314
7 -0.000435 0.000003 0.000038 0.000023 0.000022 0.000021 0.000327
7 -0.000388 0.000004 0.000034 0.000022 0.000022 0.000021 0.000286
7 -0.000456 0.000007 0.000044 0.000025 0.000021 0.000021 0.000338
7 -0.000440 0.000004 0.000032 0.000022 0.000021 0.000021 0.000341
7 -0.000431 0.000006 0.000042 0.000023 0.000022 0.000021 0.000316
7 -0.000442 0.000004 0.000037 0.000023 0.000023 0.000020 0.000334
7 -0.000465 0.000005 0.000039 0.000025 0.000026 0.000021 0.000349
7 -0.000408 0.000002 0.000030 0.000024 0.000024 0.000023 0.000305
7 -0.000442 0.000006 0.000040 0.000024 0.000024 0.000021 0.000327
7 -0.000439 0.000001 0.000031 0.000026 0.000027 0.000024 0.000329
7 -0.000419 0.000000 0.000019 0.000031 0.000033 0.000031 0.000304
7 -0.000411 -0.000000 0.000027 0.000027 0.000027 0.000026 0.000305
7 -0.000426 0.000002 0.000024 0.000029 0.000031 0.000027 0.000314
7 -0.000428 0.000004 0.000032 0.000026 0.000026 0.000025 0.000315
7 -0.000414 0.000003 0.000029 0.000025 0.000024 0.000024 0.000309
7 -0.000421 0.000003 0.000030 0.000027 0.000027 0.000027 0.000307
7 -0.000406 0.000001 0.000028 0.000022 0.000022 0.000022 0.000311
7 -0.000387 -0.000000 0.000021 0.000027 0.000028 0.000028 0.000283
7 -0.000436 0.000001 0.000028 0.000027 0.000026 0.000026 0.000328
7 -0.000406 0.000001 0.000030 0.000022 0.000024 0.000022 0.000308
7 -0.000405 0.000001 0.000025 0.000027 0.000027 0.000025 0.000300
7 -0.000409 0.000000 0.000020 0.000030 0.000032 0.000032 0.000295
7 -0.000410 0.000001 0.000023 0.000028 0.000028 0.000027 0.000302
7 -0.000397 -0.000000 0.000025 0.000024 0.000025 0.000025 0.000298
7 -0.000392 0.000001 0.000026 0.000024 0.000026 0.000024 0.000291
7 -0.000420 -0.000001 0.000025 0.000027 0.000028 0.000026 0.000315
7 -0.000413 -0.000000 0.000023 0.000028 0.000030 0.000030 0.000302
7 -0.000412 0.000000 0.000025 0.000026 0.000024 0.000026 0.000310
7 -0.000422 -0.000000 0.000022 0.000031 0.000032 0.000030 0.000307
7 -0.000397 -0.000000 0.000024 0.000027 0.000027 0.000025 0.000294
7 -0.000425 0.000000 0.000024 0.000028 0.000030 0.000028 0.000314
7 -0.000405 0.000000 0.000023 0.000027 0.000028 0.000027 0.000300
7 -0.000400 0.000002 0.000027 0.000026 0.000025 0.000024 0.000295
7 -0.000410 -0.000000 0.000026 0.000027 0.000027 0.000026 0.000305
7 -0.000397 0.000006 0.000030 0.000022 0.000021 0.000018 0.000301
7 -0.000450 0.000004 0.000035 0.000022 0.000019 0.000020 0.000350
7 -0.000399 0.000001 0.000025 0.000024 0.000024 0.000024 0.000301
7 -0.000389 -0.000003 0.000025 0.000022 0.000024 0.000024 0.000297
7 -0.000474 0.000008 0.000044 0.000026 0.000026 0.000025 0.000345
7 -0.000410 -0.000000 0.000025 0.000024 0.000025 0.000024 0.000311
7 -0.000422 0.000002 0.000032 0.000026 0.000023 0.000023 0.000317
7 -0.000446 0.000003 0.000032 0.000025 0.000025 0.000023 0.000338
7 -0.000461 0.000000 0.000026 0.000032 0.000029 0.000028 0.000346
7 -0.000507 0.000007 0.000057 0.000021 0.000018 0.000016 0.000388
7 -0.000444 0.000003 0.000034 0.000026 0.000026 0.000023 0.000332
7 -0.000431 0.000006 0.000037 0.000024 0.000023 0.000023 0.000318
7 -0.000389 -0.000001 0.000022 0.000024 0.000024 0.000024 0.000296
7 -0.000431 0.000003 0.000028 0.000027 0.000027 0.000025 0.000321
7 -0.000423 0.000000 0.000025 0.000026 0.000029 0.000027 0.000316
7 -0.000374 0.000002 0.000022 0.000026 0.000022 0.000027 0.000275
7 -0.000431 0.000001 0.000029 0.000024 0.000024 0.000021 0.000332
7 -0.000447 0.000006 0.000041 0.000022 0.000020 0.000020 0.000337
7 -0.000410 0.000002 0.000028 0.000024 0.000023 0.000021 0.000313
7 -0.000391 0.000003 0.000034 0.000023 0.000023 0.000021 0.000288
7 -0.000435 0.000000 0.000029 0.000027 0.000027 0.000025 0.000327
7 -0.000430 0.000002 0.000030 0.000024 0.000022 0.000022 0.000330
7 -0.000458 0.000006 0.000042 0.000025 0.000023 0.000022 0.000340
7 -0.000451 0.000006 0.000046 0.000022 0.000018 0.000017 0.000341
7 -0.000397 -0.000000 0.000022 0.000027 0.000026 0.000028 0.000293
7 -0.000407 0.000001 0.000027 0.000025 0.000025 0.000024 0.000305
7 -0.000419 -0.000001 0.000030 0.000024 0.000022 0.000021 0.000324
7 -0.000419 -0.000003 0.000025 0.000025 0.000024 0.000024 0.000323
7 -0.000440 0.000002 0.000033 0.000022 0.000022 0.000020 0.000342
7 -0.000383 -0.000001 0.000023 0.000024 0.000023 0.000025 0.000288
7 -0.000409 0.000001 0.000020 0.000028 0.000033 0.000030 0.000298
7 -0.000426 -0.000000 0.000029 0.000023 0.000021 0.000021 0.000332
7 -0.000414 -0.000000 0.000027 0.000024 0.000024 0.000023 0.000317
7 -0.000470 -0.000002 0.000025 0.000023 0.000026 0.000026 0.000372
7 -0.000431 -0.000000 0.000030 0.000024 0.000024 0.000021 0.000333
7 -0.000416 0.000001 0.000028 0.000028 0.000026 0.000029 0.000303
7 -0.000441 -0.000001 0.000024 0.000026 0.000028 0.000029 0.000336
7 -0.000414 0.000000 0.000024 0.000024 0.000024 0.000023 0.000318
7 -0.000397 0.000000 0.000025 0.000023 0.000025 0.000023 0.000301
7 -0.000407 -0.000001 0.000025 0.000022 0.000024 0.000023 0.000313
7 -0.000382 -0.000000 0.000024 0.000023 0.000024 0.000023 0.000288
7 -0.000445 0.000006 0.000039 0.000023 0.000023 0.000021 0.000334
7 -0.000456 0.000001 0.000027 0.000028 0.000028 0.000027 0.000344
7 -0.000402 -0.000001 0.000022 0.000030 0.000027 0.000032 0.000292
7 -0.000433 0.000001 0.000028 0.000028 0.000026 0.000023 0.000327
7 -0.000465 -0.000001 0.000028 0.000025 0.000024 0.000024 0.000366
7 -0.000395 -0.000001 0.000022 0.000024 0.000023 0.000024 0.000302
7 -0.000441 -0.000001 0.000023 0.000028 0.000030 0.000030 0.000331
7 -0.000428 0.000002 0.000030 0.000023 0.000022 0.000019 0.000331
7 -0.000435 0.000004 0.000043 0.000022 0.000021 0.000021 0.000325
7 -0.000388 -0.000003 0.000022 0.000026 0.000027 0.000026 0.000289
7 -0.000409 -0.000005 0.000019 0.000026 0.000027 0.000027 0.000316
7 -0.000443 -0.000002 0.000032 0.000025 0.000025 0.000027 0.000336
7 -0.000396 -0.000001 0.000021 0.000023 0.000021 0.000026 0.000305
7 -0.000434 0.000000 0.000024 0.000027 0.000027 0.000027 0.000328
7 -0.000398 -0.000000 0.000026 0.000023 0.000022 0.000023 0.000305
7 -0.000414 0.000009 0.000046 0.000023 0.000019 0.000018 0.000299
7 -0.000426 0.000001 0.000030 0.000022 0.000021 0.000021 0.000331
7 -0.000451 -0.000002 0.000023 0.000028 0.000029 0.000028 0.000345
7 -0.000406 -0.000001 0.000038 0.000021 0.000020 0.000021 0.000308
7 -0.000412 -0.000000 0.000029 0.000022 0.000020 0.000021 0.000319
7 -0.000436 0.000001 0.000030 0.000026 0.000025 0.000022 0.000332
7 -0.000402 -0.000001 0.000022 0.000022 0.000022 0.000023 0.000312
7 -0.000410 -0.000000 0.000024 0.000028 0.000027 0.000025 0.000306
7 -0.000392 0.000000 0.000029 0.000023 0.000022 0.000020 0.000299
7 -0.000412 0.000000 0.000025 0.000023 0.000023 0.000023 0.000317
7 -0.000396 0.000001 0.000026 0.000025 0.000025 0.000025 0.000295
7 -0.000433 0.000001 0.000027 0.000026 0.000025 0.000026 0.000328
7 -0.000408 0.000001 0.000027 0.000024 0.000023 0.000023 0.000309
7 -0.000395 0.000000 0.000025 0.000022 0.000022 0.000022 0.000305
7 -0.000430 0.000005 0.000039 0.000024 0.000022 0.000023 0.000317
7 -0.000400 0.000000 0.000026 0.000023 0.000022 0.000022 0.000307
7 -0.000444 0.000000 0.000022 0.000028 0.000034 0.000027 0.000333
7 -0.000416 0.000002 0.000034 0.000021 0.000022 0.000021 0.000317
7 -0.000470 0.000010 0.000047 0.000025 0.000021 0.000022 0.000345
7 -0.000428 0.000004 0.000028 0.000029 0.000028 0.000027 0.000312
7 -0.000438 -0.000000 0.000026 0.000026 0.000027 0.000024 0.000334
7 -0.000415 -0.000001 0.000028 0.000028 0.000026 0.000023 0.000311
7 -0.000412 0.000000 0.000022 0.000026 0.000027 0.000027 0.000310
7 -0.000429 -0.000002 0.000025 0.000028 0.000028 0.000025 0.000325
7 -0.000384 0.000001 0.000025 0.000024 0.000023 0.000023 0.000289
7 -0.000453 -0.000001 0.000026 0.000030 0.000030 0.000030 0.000337
7 -0.000454 -0.000001 0.000025 0.000027 0.000031 0.000028 0.000345
7 -0.000425 -0.000000 0.000029 0.000024 0.000025 0.000024 0.000324
7 -0.000425 0.000002 0.000029 0.000023 0.000023 0.000021 0.000326
7 -0.000444 0.000001 0.000025 0.000029 0.000031 0.000028 0.000330
7 -0.000416 0.000001 0.000024 0.000026 0.000027 0.000027 0.000310
7 -0.000445 -0.000000 0.000031 0.000027 0.000029 0.000028 0.000331
7 -0.000419 0.000002 0.000029 0.000021 0.000021 0.000019 0.000327
7 -0.000455 0.000001 0.000026 0.000030 0.000033 0.000029 0.000337
7 -0.000366 0.000001 0.000023 0.000024 0.000023 0.000022 0.000274
7 -0.000437 -0.000000 0.000023 0.000025 0.000030 0.000027 0.000332
7 -0.000433 0.000000 0.000025 0.000028 0.000032 0.000027 0.000320
7 -0.000391 -0.000000 0.000028 0.000025 0.000024 0.000023 0.000292
7 -0.000425 0.000001 0.000032 0.000024 0.000024 0.000021 0.000322
7 -0.000435 -0.000000 0.000028 0.000025 0.000027 0.000024 0.000331
7 -0.000413 -0.000001 0.000024 0.000024 0.000025 0.000025 0.000316
7 -0.000440 0.000004 0.000022 0.000032 0.000033 0.000028 0.000321
7 -0.000419 -0.000001 0.000024 0.000027 0.000028 0.000027 0.000315
7 -0.000423 -0.000000 0.000025 0.000028 0.000030 0.000027 0.000313
